camera_matrix: !!opencv-matrix
   rows: 3
   cols: 3
   dt: d
   data: [8.6964472668125654e+02, 0., 7.5786590590283697e+02, 0.,
       8.7113268774150890e+02, 5.5141970393489373e+02, 0., 0., 1.]

distortion_coefficients: !!opencv-matrix
   rows: 1
   cols: 5
   dt: d
   data: [-7.4905033205627053e-02, 9.0597541178019422e-02,
       -1.0023626182264977e-03, 8.4000606754657155e-04,
       -1.2822407142372740e-02]

extrinsic: 
  rotation: !!opencv-matrix
    rows: 3
    cols: 3
    dt: d
    data: [7.3190433397416488e-03, 8.2498351123374003e-03,
       9.9993918406331583e-01, 
       -9.9997274896684352e-01, 1.0262576169474125e-03,
       7.3108220466167606e-03, 
       -9.6588212770876147e-04, -9.9996544291086509e-01,
       8.2571215197836390e-03]
  translation: !!opencv-matrix
    rows: 3
    cols: 1
    dt: d
    data: [-7.6579338233263329e-03,
       1.3241854585769793e-02,
       4.0604101788815093e-02]