camera_matrix: !!opencv-matrix
   rows: 3
   cols: 3
   dt: d
   data: [8.7380651077196853e+02, 0., 7.5452340210302270e+02, 0.,
       8.7326673490357416e+02, 5.1596317063837171e+02, 0., 0., 1.]

distortion_coefficients: !!opencv-matrix
   rows: 1
   cols: 5
   dt: d
   data: [-5.3076135592675128e-02, 1.3664758435366783e-02,
       -1.1978053183156871e-03, -1.1079905733770068e-03,
       7.2522807275177820e-02]

extrinsic: 
  rotation: !!opencv-matrix
    rows: 3
    cols: 3
    dt: d
    data: [-1.5016405805647892e-03, 6.6715217504564328e-03,
       9.9997661766318324e-01, 
       -9.9999344915180743e-01, 3.2833495012821734e-03,
       -1.5235713058149303e-03, 
       -3.2934372680034074e-03, -9.9997235482466496e-01,
       6.6665476354788034e-03]
  translation: !!opencv-matrix
    rows: 3
    cols: 1
    dt: d
    data: [-7.1772065521227349e-03,
       1.4927345064440203e-02,
       4.3548057361989738e-02]