camera_matrix: !!opencv-matrix
   rows: 3
   cols: 3
   dt: d
   data: [8.7599106052595755e+02, 0., 7.5971222438719929e+02, 0.,
       8.7668354450659604e+02, 5.2480164819258039e+02, 0., 0., 1.]

distortion_coefficients: !!opencv-matrix
   rows: 1
   cols: 5
   dt: d
   data: [-8.8188497215056658e-02, 1.1283377710099146e-01,
       2.6342337782469692e-03, 1.6532304571165062e-03,
       -2.7382129937778592e-02]

extrinsic: 
  rotation: !!opencv-matrix
    rows: 3
    cols: 3
    dt: d
    data: [-9.5812143005082895e-03, -1.0583871362780828e-02,
       9.9989808580650041e-01, 
       -9.9993316731996917e-01, 6.5713686162343077e-03,
       -9.5119928492468087e-03, 
       -6.4700251917814144e-03, -9.9992239637958180e-01,
       -1.0646125705252141e-02]
  translation: !!opencv-matrix
    rows: 3
    cols: 1
    dt: d
    data: [-2.2279178288539675e-02,
       4.2127478934253816e-03,
       4.2448038921709286e-02]