camera_matrix: !!opencv-matrix
   rows: 3
   cols: 3
   dt: d
   data: [8.7006207518603946e+02, 0., 7.5115340218844153e+02, 0.,
       8.6976682218919223e+02, 5.2366097096859414e+02, 0., 0., 1.]

distortion_coefficients: !!opencv-matrix
   rows: 1
   cols: 5
   dt: d
   data: [-7.4513479277416098e-02, 1.0443754946769654e-01,
       1.0700962974431660e-03, 1.2071410661511562e-04,
       -2.9172804664538397e-02]

extrinsic: 
  rotation: !!opencv-matrix
    rows: 3
    cols: 3
    dt: d
    data: [6.2372267565533601e-03, -1.4573810344434335e-02,
       9.9987434263232888e-01, 
       -9.9994265473831767e-01, -8.7955574717386575e-03,
       6.1094519923414192e-03, 
       8.7054142504947585e-03, -9.9985511061393573e-01,
       -1.4627834491867997e-02]
  translation: !!opencv-matrix
    rows: 3
    cols: 1
    dt: d
    data: [-9.2158794723553664e-03,
       3.2989921134318340e-03,
       6.2634359969948997e-02]