# height: 3072
# width: 2048

CameraMatrix:
  fx: 1307.10595
  fy: 1306.93807
  cx: 785.02123
  cy: 513.11737

DistCoeffs:
  k1: -0.069987
  k2: 0.127351
  p1: 0.000166
  p2: 0.008941
  k3: 0.000000
